crossing time (s)	slope (V/s)	crossing number
281474976710655.000000	70.913780	1538	0.000000
281474976710655.000000	67.579994	1539	0.000000
281474976710655.000000	73.717728	1540	0.000000
281474976710655.000000	62.180309	1541	0.000000
281474976710655.000000	68.396362	1542	0.000000
281474976710655.000000	67.588539	1543	0.000000
281474976710655.000000	42.572803	1544	0.000000
281474976710655.000000	68.821922	1545	0.000000
281474976710655.000000	62.031734	1546	0.000000
281474976710655.000000	68.426163	1547	0.000000
281474976710655.000000	49.205765	1548	0.000000
281474976710655.000000	63.848686	1549	0.000000
281474976710655.000000	69.292267	1550	0.000000
281474976710655.000000	66.583038	1551	0.000000
281474976710655.000000	69.865074	1552	0.000000
281474976710655.000000	65.350838	1553	0.000000
281474976710655.000000	63.926804	1554	0.000000
281474976710655.000000	68.693779	1555	0.000000
281474976710655.000000	130.655289	1556	0.000000
281474976710655.000000	68.547539	1557	0.000000
281474976710655.000000	67.263496	1558	0.000000
281474976710655.000000	50.540314	1559	0.000000
281474976710655.000000	50.439098	1560	0.000000
281474976710655.000000	69.002251	1561	0.000000
281474976710655.000000	65.755066	1562	0.000000
281474976710655.000000	67.495628	1563	0.000000
281474976710655.000000	66.301796	1564	0.000000
281474976710655.000000	66.978127	1565	0.000000
281474976710655.000000	50.671093	1566	0.000000
281474976710655.000000	102.396393	1567	0.000000
281474976710655.000000	64.185280	1568	0.000000
281474976710655.000000	42.984642	1569	0.000000
281474976710655.000000	49.316864	1570	0.000000
281474976710655.000000	133.414337	1571	0.000000
281474976710655.000000	65.654831	1572	0.000000
281474976710655.000000	65.029984	1573	0.000000
281474976710655.000000	103.793495	1574	0.000000
281474976710655.000000	66.392181	1575	0.000000
281474976710655.000000	64.924301	1576	0.000000
281474976710655.000000	65.257454	1577	0.000000
281474976710655.000000	72.735054	1578	0.000000
281474976710655.000000	67.050301	1579	0.000000
281474976710655.000000	43.967648	1580	0.000000
281474976710655.000000	60.832314	1581	0.000000
281474976710655.000000	64.947769	1582	0.000000
281474976710655.000000	62.368809	1583	0.000000
281474976710655.000000	64.163345	1584	0.000000
281474976710655.000000	66.164307	1585	0.000000
281474976710655.000000	50.562252	1586	0.000000
281474976710655.000000	43.015659	1587	0.000000
281474976710655.000000	64.946571	1588	0.000000
281474976710655.000000	97.191422	1589	0.000000
281474976710655.000000	65.365990	1590	0.000000
281474976710655.000000	64.366241	1591	0.000000
281474976710655.000000	65.600868	1592	0.000000
281474976710655.000000	62.670517	1593	0.000000
281474976710655.000000	102.707733	1594	0.000000
281474976710655.000000	63.561211	1595	0.000000
281474976710655.000000	62.269329	1596	0.000000
281474976710655.000000	42.734192	1597	0.000000
281474976710655.000000	48.569397	1598	0.000000
281474976710655.000000	49.296295	1599	0.000000
281474976710655.000000	63.156208	1600	0.000000
281474976710655.000000	61.641060	1601	0.000000
281474976710655.000000	65.871056	1602	0.000000
281474976710655.000000	63.824627	1603	0.000000
281474976710655.000000	102.227974	1604	0.000000
281474976710655.000000	60.190441	1605	0.000000
281474976710655.000000	65.091637	1606	0.000000
281474976710655.000000	99.932877	1607	0.000000
281474976710655.000000	61.563492	1608	0.000000
281474976710655.000000	101.145958	1609	0.000000
281474976710655.000000	65.769135	1610	0.000000
281474976710655.000000	60.899067	1611	0.000000
281474976710655.000000	65.147209	1612	0.000000
281474976710655.000000	44.791611	1613	0.000000
281474976710655.000000	43.532421	1614	0.000000
281474976710655.000000	63.414738	1615	0.000000
281474976710655.000000	60.528095	1616	0.000000
281474976710655.000000	62.888954	1617	0.000000
281474976710655.000000	95.452415	1618	0.000000
281474976710655.000000	41.542061	1619	0.000000
281474976710655.000000	64.561432	1620	0.000000
281474976710655.000000	66.322739	1621	0.000000
281474976710655.000000	61.272854	1622	0.000000
281474976710655.000000	64.698822	1623	0.000000
281474976710655.000000	61.357254	1624	0.000000
281474976710655.000000	59.691586	1625	0.000000
281474976710655.000000	54.832951	1626	0.000000
281474976710655.000000	63.344345	1627	0.000000
281474976710655.000000	59.636894	1628	0.000000
281474976710655.000000	61.143589	1629	0.000000
281474976710655.000000	59.240524	1630	0.000000
281474976710655.000000	66.187439	1631	0.000000
281474976710655.000000	61.025158	1632	0.000000
281474976710655.000000	39.406734	1633	0.000000
281474976710655.000000	31.019299	1634	0.000000
281474976710655.000000	60.085663	1635	0.000000
281474976710655.000000	62.023083	1636	0.000000
281474976710655.000000	59.157463	1637	0.000000
281474976710655.000000	95.026237	1638	0.000000
281474976710655.000000	59.131855	1639	0.000000
281474976710655.000000	41.919338	1640	0.000000
281474976710655.000000	58.671535	1641	0.000000
281474976710655.000000	40.555099	1642	0.000000
281474976710655.000000	93.643188	1643	0.000000
281474976710655.000000	59.395718	1644	0.000000
281474976710655.000000	58.638523	1645	0.000000
281474976710655.000000	63.016754	1646	0.000000
281474976710655.000000	66.558006	1647	0.000000
281474976710655.000000	29.338058	1648	0.000000
281474976710655.000000	63.344154	1649	0.000000
281474976710655.000000	64.654121	1650	0.000000
281474976710655.000000	58.373035	1651	0.000000
281474976710655.000000	96.372261	1652	0.000000
281474976710655.000000	38.903397	1653	0.000000
281474976710655.000000	46.698269	1654	0.000000
281474976710655.000000	57.447769	1655	0.000000
281474976710655.000000	93.611290	1656	0.000000
281474976710655.000000	57.546734	1657	0.000000
281474976710655.000000	44.824741	1658	0.000000
281474976710655.000000	58.463665	1659	0.000000
281474976710655.000000	60.058113	1660	0.000000
281474976710655.000000	48.354630	1661	0.000000
281474976710655.000000	38.895195	1662	0.000000
281474976710655.000000	38.628056	1663	0.000000
281474976710655.000000	61.259045	1664	0.000000
281474976710655.000000	56.875423	1665	0.000000
281474976710655.000000	90.697708	1666	0.000000
281474976710655.000000	59.085857	1667	0.000000
281474976710655.000000	58.145863	1668	0.000000
281474976710655.000000	44.663441	1669	0.000000
281474976710655.000000	36.299042	1670	0.000000
281474976710655.000000	90.239098	1671	0.000000
281474976710655.000000	65.589836	1672	0.000000
281474976710655.000000	89.002876	1673	0.000000
281474976710655.000000	57.520229	1674	0.000000
281474976710655.000000	43.105293	1675	0.000000
281474976710655.000000	88.117218	1676	0.000000
281474976710655.000000	55.361816	1677	0.000000
281474976710655.000000	55.458668	1678	0.000000
281474976710655.000000	56.815128	1679	0.000000
281474976710655.000000	59.764786	1680	0.000000
281474976710655.000000	57.253483	1681	0.000000
281474976710655.000000	56.865147	1682	0.000000
281474976710655.000000	39.197418	1683	0.000000
281474976710655.000000	56.646053	1684	0.000000
281474976710655.000000	56.632809	1685	0.000000
281474976710655.000000	56.489025	1686	0.000000
281474976710655.000000	54.716480	1687	0.000000
281474976710655.000000	44.918095	1688	0.000000
281474976710655.000000	45.702332	1689	0.000000
281474976710655.000000	42.904400	1690	0.000000
281474976710655.000000	55.013412	1691	0.000000
281474976710655.000000	59.405518	1692	0.000000
281474976710655.000000	55.304214	1693	0.000000
281474976710655.000000	37.585892	1694	0.000000
281474976710655.000000	87.329102	1695	0.000000
281474976710655.000000	58.262913	1696	0.000000
281474976710655.000000	53.812958	1697	0.000000
281474976710655.000000	56.004192	1698	0.000000
281474976710655.000000	37.799278	1699	0.000000
281474976710655.000000	45.671253	1700	0.000000
281474976710655.000000	59.420448	1701	0.000000
281474976710655.000000	58.537411	1702	0.000000
281474976710655.000000	52.707787	1703	0.000000
281474976710655.000000	55.950550	1704	0.000000
281474976710655.000000	56.019459	1705	0.000000
281474976710655.000000	55.260151	1706	0.000000
281474976710655.000000	61.021343	1707	0.000000
281474976710655.000000	55.074184	1708	0.000000
281474976710655.000000	84.349602	1709	0.000000
281474976710655.000000	54.717949	1710	0.000000
281474976710655.000000	54.287849	1711	0.000000
281474976710655.000000	41.956402	1712	0.000000
281474976710655.000000	52.752544	1713	0.000000
281474976710655.000000	73.070534	1714	0.000000
281474976710655.000000	53.828552	1715	0.000000
281474976710655.000000	71.271515	1716	0.000000
281474976710655.000000	52.334076	1717	0.000000
281474976710655.000000	60.955948	1718	0.000000
281474976710655.000000	74.547989	1719	0.000000
281474976710655.000000	35.962181	1720	0.000000
281474976710655.000000	51.587578	1721	0.000000
281474976710655.000000	52.344330	1722	0.000000
281474976710655.000000	54.938404	1723	0.000000
281474976710655.000000	41.950558	1724	0.000000
281474976710655.000000	39.798241	1725	0.000000
281474976710655.000000	55.665329	1726	0.000000
281474976710655.000000	40.685741	1727	0.000000
281474976710655.000000	54.054546	1728	0.000000
281474976710655.000000	53.771111	1729	0.000000
281474976710655.000000	39.480579	1730	0.000000
281474976710655.000000	77.661179	1731	0.000000
281474976710655.000000	51.331276	1732	0.000000
281474976710655.000000	44.079910	1733	0.000000
281474976710655.000000	53.782898	1734	0.000000
281474976710655.000000	39.774521	1735	0.000000
281474976710655.000000	52.217014	1736	0.000000
281474976710655.000000	58.131561	1737	0.000000
281474976710655.000000	51.944038	1738	0.000000
281474976710655.000000	42.916000	1739	0.000000
281474976710655.000000	36.158291	1740	0.000000
281474976710655.000000	44.005604	1741	0.000000
281474976710655.000000	49.609085	1742	0.000000
281474976710655.000000	70.068039	1743	0.000000
281474976710655.000000	70.704193	1744	0.000000
281474976710655.000000	71.104652	1745	0.000000
281474976710655.000000	55.166252	1746	0.000000
281474976710655.000000	51.504005	1747	0.000000
281474976710655.000000	52.265530	1748	0.000000
281474976710655.000000	51.205826	1749	0.000000
281474976710655.000000	39.879166	1750	0.000000
281474976710655.000000	50.411953	1751	0.000000
281474976710655.000000	51.944496	1752	0.000000
281474976710655.000000	35.694706	1753	0.000000
281474976710655.000000	53.291241	1754	0.000000
281474976710655.000000	50.034061	1755	0.000000
281474976710655.000000	50.337406	1756	0.000000
281474976710655.000000	37.540852	1757	0.000000
281474976710655.000000	42.784397	1758	0.000000
281474976710655.000000	50.111916	1759	0.000000
281474976710655.000000	35.170265	1760	0.000000
281474976710655.000000	57.397072	1761	0.000000
281474976710655.000000	39.209236	1762	0.000000
281474976710655.000000	51.084660	1763	0.000000
281474976710655.000000	44.392876	1764	0.000000
281474976710655.000000	55.927818	1765	0.000000
281474976710655.000000	56.770233	1766	0.000000
281474976710655.000000	49.883053	1767	0.000000
281474976710655.000000	68.092461	1768	0.000000
281474976710655.000000	49.702328	1769	0.000000
281474976710655.000000	56.715042	1770	0.000000
281474976710655.000000	43.912403	1771	0.000000
281474976710655.000000	49.196365	1772	0.000000
281474976710655.000000	42.109726	1773	0.000000
281474976710655.000000	51.067253	1774	0.000000
281474976710655.000000	32.918587	1775	0.000000
281474976710655.000000	67.293587	1776	0.000000
281474976710655.000000	42.865326	1777	0.000000
281474976710655.000000	48.462971	1778	0.000000
281474976710655.000000	50.406181	1779	0.000000
281474976710655.000000	39.022175	1780	0.000000
281474976710655.000000	56.611214	1781	0.000000
281474976710655.000000	50.002869	1782	0.000000
281474976710655.000000	40.720062	1783	0.000000
281474976710655.000000	49.871822	1784	0.000000
281474976710655.000000	41.544811	1785	0.000000
281474976710655.000000	46.966888	1786	0.000000
281474976710655.000000	67.990204	1787	0.000000
281474976710655.000000	44.657040	1788	0.000000
281474976710655.000000	37.913342	1789	0.000000
281474976710655.000000	49.723072	1790	0.000000
281474976710655.000000	51.263081	1791	0.000000
281474976710655.000000	46.729530	1792	0.000000
281474976710655.000000	49.092117	1793	0.000000
281474976710655.000000	55.367447	1794	0.000000
281474976710655.000000	53.968609	1795	0.000000
281474976710655.000000	47.184128	1796	0.000000
281474976710655.000000	37.573616	1797	0.000000
281474976710655.000000	47.973484	1798	0.000000
281474976710655.000000	49.343651	1799	0.000000
281474976710655.000000	49.241283	1800	0.000000
281474976710655.000000	47.301121	1801	0.000000
281474976710655.000000	49.880806	1802	0.000000
281474976710655.000000	46.751942	1803	0.000000
281474976710655.000000	48.428562	1804	0.000000
281474976710655.000000	38.603840	1805	0.000000
281474976710655.000000	44.968929	1806	0.000000
281474976710655.000000	46.534065	1807	0.000000
281474976710655.000000	41.156952	1808	0.000000
281474976710655.000000	47.803074	1809	0.000000
281474976710655.000000	48.496109	1810	0.000000
281474976710655.000000	39.586613	1811	0.000000
281474976710655.000000	36.992840	1812	0.000000
281474976710655.000000	39.258820	1813	0.000000
281474976710655.000000	36.213268	1814	0.000000
281474976710655.000000	47.264420	1815	0.000000
281474976710655.000000	47.260868	1816	0.000000
281474976710655.000000	51.009445	1817	0.000000
281474976710655.000000	52.912258	1818	0.000000
281474976710655.000000	46.279488	1819	0.000000
281474976710655.000000	47.023880	1820	0.000000
281474976710655.000000	47.221523	1821	0.000000
281474976710655.000000	52.427670	1822	0.000000
281474976710655.000000	61.629963	1823	0.000000
281474976710655.000000	47.142952	1824	0.000000
281474976710655.000000	54.183258	1825	0.000000
281474976710655.000000	50.851383	1826	0.000000
281474976710655.000000	38.179386	1827	0.000000
281474976710655.000000	36.450642	1828	0.000000
281474976710655.000000	46.246567	1829	0.000000
281474976710655.000000	58.715992	1830	0.000000
281474976710655.000000	45.596703	1831	0.000000
