crossing time (s)	slope (V/s)	crossing number
281474976710655.000000	74.245697	1174	0.000000
281474976710655.000000	67.663979	1175	0.000000
281474976710655.000000	67.214409	1176	0.000000
281474976710655.000000	68.321602	1177	0.000000
281474976710655.000000	63.280251	1178	0.000000
281474976710655.000000	74.307014	1179	0.000000
281474976710655.000000	71.188965	1180	0.000000
281474976710655.000000	72.729126	1181	0.000000
281474976710655.000000	73.583397	1182	0.000000
281474976710655.000000	67.067085	1183	0.000000
281474976710655.000000	69.900871	1184	0.000000
281474976710655.000000	53.421070	1185	0.000000
281474976710655.000000	49.703884	1186	0.000000
281474976710655.000000	73.638084	1187	0.000000
281474976710655.000000	139.812851	1188	0.000000
281474976710655.000000	147.781784	1189	0.000000
281474976710655.000000	69.390015	1190	0.000000
281474976710655.000000	68.222832	1191	0.000000
281474976710655.000000	50.559883	1192	0.000000
281474976710655.000000	73.942268	1193	0.000000
281474976710655.000000	46.403950	1194	0.000000
281474976710655.000000	66.781334	1195	0.000000
281474976710655.000000	66.012383	1196	0.000000
281474976710655.000000	70.028809	1197	0.000000
281474976710655.000000	48.744724	1198	0.000000
281474976710655.000000	70.781219	1199	0.000000
281474976710655.000000	49.916332	1200	0.000000
281474976710655.000000	48.028179	1201	0.000000
281474976710655.000000	65.897079	1202	0.000000
281474976710655.000000	101.473587	1203	0.000000
281474976710655.000000	69.583488	1204	0.000000
281474976710655.000000	68.579872	1205	0.000000
281474976710655.000000	65.223549	1206	0.000000
281474976710655.000000	35.429890	1207	0.000000
281474976710655.000000	94.635872	1208	0.000000
281474976710655.000000	69.224541	1209	0.000000
281474976710655.000000	44.145538	1210	0.000000
281474976710655.000000	69.246307	1211	0.000000
281474976710655.000000	72.982719	1212	0.000000
281474976710655.000000	67.518250	1213	0.000000
281474976710655.000000	98.097572	1214	0.000000
281474976710655.000000	64.878815	1215	0.000000
281474976710655.000000	67.097778	1216	0.000000
281474976710655.000000	68.863731	1217	0.000000
281474976710655.000000	33.894897	1218	0.000000
281474976710655.000000	43.504646	1219	0.000000
281474976710655.000000	61.870815	1220	0.000000
281474976710655.000000	66.068626	1221	0.000000
281474976710655.000000	62.725849	1222	0.000000
281474976710655.000000	64.847862	1223	0.000000
281474976710655.000000	61.988342	1224	0.000000
281474976710655.000000	67.293068	1225	0.000000
281474976710655.000000	66.517097	1226	0.000000
281474976710655.000000	100.337624	1227	0.000000
281474976710655.000000	62.712402	1228	0.000000
281474976710655.000000	63.375912	1229	0.000000
281474976710655.000000	64.998253	1230	0.000000
281474976710655.000000	62.192562	1231	0.000000
281474976710655.000000	63.959042	1232	0.000000
281474976710655.000000	97.997009	1233	0.000000
281474976710655.000000	61.691303	1234	0.000000
281474976710655.000000	64.645058	1235	0.000000
281474976710655.000000	42.630009	1236	0.000000
281474976710655.000000	63.133038	1237	0.000000
281474976710655.000000	61.428532	1238	0.000000
281474976710655.000000	65.659859	1239	0.000000
281474976710655.000000	59.730679	1240	0.000000
281474976710655.000000	44.145496	1241	0.000000
281474976710655.000000	40.092655	1242	0.000000
281474976710655.000000	64.003326	1243	0.000000
281474976710655.000000	92.876297	1244	0.000000
281474976710655.000000	61.532093	1245	0.000000
281474976710655.000000	44.362438	1246	0.000000
281474976710655.000000	67.342468	1247	0.000000
281474976710655.000000	49.287849	1248	0.000000
281474976710655.000000	42.116001	1249	0.000000
281474976710655.000000	60.965351	1250	0.000000
281474976710655.000000	59.425575	1251	0.000000
281474976710655.000000	96.100983	1252	0.000000
281474976710655.000000	98.886658	1253	0.000000
281474976710655.000000	91.803841	1254	0.000000
281474976710655.000000	69.872520	1255	0.000000
281474976710655.000000	57.109798	1256	0.000000
281474976710655.000000	41.365028	1257	0.000000
281474976710655.000000	64.792786	1258	0.000000
281474976710655.000000	59.517090	1259	0.000000
281474976710655.000000	79.183922	1260	0.000000
281474976710655.000000	43.150005	1261	0.000000
281474976710655.000000	91.902496	1262	0.000000
281474976710655.000000	61.547634	1263	0.000000
281474976710655.000000	64.746109	1264	0.000000
281474976710655.000000	60.787464	1265	0.000000
281474976710655.000000	59.994530	1266	0.000000
281474976710655.000000	59.084270	1267	0.000000
281474976710655.000000	59.488194	1268	0.000000
281474976710655.000000	61.151928	1269	0.000000
281474976710655.000000	60.695206	1270	0.000000
281474976710655.000000	58.756371	1271	0.000000
281474976710655.000000	57.633484	1272	0.000000
281474976710655.000000	61.103119	1273	0.000000
281474976710655.000000	47.934532	1274	0.000000
281474976710655.000000	95.481819	1275	0.000000
281474976710655.000000	43.717983	1276	0.000000
281474976710655.000000	41.774414	1277	0.000000
281474976710655.000000	58.241993	1278	0.000000
281474976710655.000000	60.990875	1279	0.000000
281474976710655.000000	56.699001	1280	0.000000
281474976710655.000000	48.552555	1281	0.000000
281474976710655.000000	36.080715	1282	0.000000
281474976710655.000000	45.617134	1283	0.000000
281474976710655.000000	55.153671	1284	0.000000
281474976710655.000000	61.416290	1285	0.000000
281474976710655.000000	56.602306	1286	0.000000
281474976710655.000000	60.053471	1287	0.000000
281474976710655.000000	56.698559	1288	0.000000
281474976710655.000000	58.642250	1289	0.000000
281474976710655.000000	58.123539	1290	0.000000
281474976710655.000000	55.455746	1291	0.000000
281474976710655.000000	42.442471	1292	0.000000
281474976710655.000000	63.660381	1293	0.000000
281474976710655.000000	54.006432	1294	0.000000
281474976710655.000000	59.601768	1295	0.000000
281474976710655.000000	72.063576	1296	0.000000
281474976710655.000000	58.567795	1297	0.000000
281474976710655.000000	53.934834	1298	0.000000
281474976710655.000000	58.439232	1299	0.000000
281474976710655.000000	40.749435	1300	0.000000
281474976710655.000000	56.931442	1301	0.000000
281474976710655.000000	53.831013	1302	0.000000
281474976710655.000000	60.072441	1303	0.000000
281474976710655.000000	51.900566	1304	0.000000
281474976710655.000000	59.006752	1305	0.000000
281474976710655.000000	53.815121	1306	0.000000
281474976710655.000000	80.092972	1307	0.000000
281474976710655.000000	36.618649	1308	0.000000
281474976710655.000000	55.543255	1309	0.000000
281474976710655.000000	52.771351	1310	0.000000
281474976710655.000000	60.147900	1311	0.000000
281474976710655.000000	41.053719	1312	0.000000
281474976710655.000000	57.684078	1313	0.000000
281474976710655.000000	53.719303	1314	0.000000
281474976710655.000000	58.208595	1315	0.000000
281474976710655.000000	58.093746	1316	0.000000
281474976710655.000000	57.980053	1317	0.000000
281474976710655.000000	54.232986	1318	0.000000
281474976710655.000000	56.743973	1319	0.000000
281474976710655.000000	51.596714	1320	0.000000
281474976710655.000000	62.938663	1321	0.000000
281474976710655.000000	53.163681	1322	0.000000
281474976710655.000000	64.138336	1323	0.000000
281474976710655.000000	53.356224	1324	0.000000
281474976710655.000000	52.475128	1325	0.000000
281474976710655.000000	54.757362	1326	0.000000
281474976710655.000000	54.905701	1327	0.000000
281474976710655.000000	53.677925	1328	0.000000
281474976710655.000000	57.476425	1329	0.000000
281474976710655.000000	50.618080	1330	0.000000
281474976710655.000000	47.223045	1331	0.000000
281474976710655.000000	50.977341	1332	0.000000
281474976710655.000000	36.686665	1333	0.000000
281474976710655.000000	66.982147	1334	0.000000
281474976710655.000000	56.707443	1335	0.000000
281474976710655.000000	49.159756	1336	0.000000
281474976710655.000000	43.626884	1337	0.000000
281474976710655.000000	51.012718	1338	0.000000
281474976710655.000000	61.977337	1339	0.000000
281474976710655.000000	51.170540	1340	0.000000
281474976710655.000000	63.053051	1341	0.000000
281474976710655.000000	49.501373	1342	0.000000
281474976710655.000000	55.638035	1343	0.000000
281474976710655.000000	49.785431	1344	0.000000
281474976710655.000000	53.709499	1345	0.000000
281474976710655.000000	48.904510	1346	0.000000
281474976710655.000000	76.100487	1347	0.000000
281474976710655.000000	51.090454	1348	0.000000
281474976710655.000000	41.732273	1349	0.000000
281474976710655.000000	41.700592	1350	0.000000
281474976710655.000000	52.997318	1351	0.000000
281474976710655.000000	48.133671	1352	0.000000
281474976710655.000000	54.102871	1353	0.000000
281474976710655.000000	67.056427	1354	0.000000
281474976710655.000000	54.957638	1355	0.000000
281474976710655.000000	63.729084	1356	0.000000
281474976710655.000000	55.679821	1357	0.000000
281474976710655.000000	35.900887	1358	0.000000
281474976710655.000000	73.960342	1359	0.000000
281474976710655.000000	77.343285	1360	0.000000
281474976710655.000000	53.885662	1361	0.000000
281474976710655.000000	61.309834	1362	0.000000
281474976710655.000000	54.161320	1363	0.000000
281474976710655.000000	49.494961	1364	0.000000
281474976710655.000000	53.533314	1365	0.000000
281474976710655.000000	55.415989	1366	0.000000
281474976710655.000000	70.558151	1367	0.000000
281474976710655.000000	48.460499	1368	0.000000
281474976710655.000000	54.028107	1369	0.000000
281474976710655.000000	67.592949	1370	0.000000
281474976710655.000000	39.824852	1371	0.000000
281474976710655.000000	38.156002	1372	0.000000
281474976710655.000000	39.548264	1373	0.000000
281474976710655.000000	47.353043	1374	0.000000
281474976710655.000000	84.452866	1375	0.000000
281474976710655.000000	53.716309	1376	0.000000
281474976710655.000000	48.047630	1377	0.000000
281474976710655.000000	51.423218	1378	0.000000
281474976710655.000000	55.498791	1379	0.000000
281474976710655.000000	45.638973	1380	0.000000
281474976710655.000000	56.024345	1381	0.000000
281474976710655.000000	46.010296	1382	0.000000
281474976710655.000000	53.714798	1383	0.000000
281474976710655.000000	44.881790	1384	0.000000
281474976710655.000000	51.008347	1385	0.000000
281474976710655.000000	45.183300	1386	0.000000
281474976710655.000000	52.799313	1387	0.000000
281474976710655.000000	42.858112	1388	0.000000
281474976710655.000000	58.790009	1389	0.000000
281474976710655.000000	46.600620	1390	0.000000
281474976710655.000000	57.618942	1391	0.000000
281474976710655.000000	41.983971	1392	0.000000
281474976710655.000000	51.463718	1393	0.000000
281474976710655.000000	38.725986	1394	0.000000
281474976710655.000000	51.684242	1395	0.000000
281474976710655.000000	30.781036	1396	0.000000
281474976710655.000000	68.589172	1397	0.000000
281474976710655.000000	44.828548	1398	0.000000
281474976710655.000000	55.478542	1399	0.000000
281474976710655.000000	39.296242	1400	0.000000
281474976710655.000000	51.229340	1401	0.000000
281474976710655.000000	35.657135	1402	0.000000
281474976710655.000000	50.842911	1403	0.000000
281474976710655.000000	44.781837	1404	0.000000
281474976710655.000000	47.872524	1405	0.000000
281474976710655.000000	44.785313	1406	0.000000
281474976710655.000000	50.616230	1407	0.000000
281474976710655.000000	44.932171	1408	0.000000
281474976710655.000000	57.325394	1409	0.000000
281474976710655.000000	41.338772	1410	0.000000
281474976710655.000000	49.953648	1411	0.000000
281474976710655.000000	43.442955	1412	0.000000
281474976710655.000000	39.335430	1413	0.000000
281474976710655.000000	55.325279	1414	0.000000
281474976710655.000000	51.387070	1415	0.000000
281474976710655.000000	49.442780	1416	0.000000
281474976710655.000000	49.326359	1417	0.000000
281474976710655.000000	49.200771	1418	0.000000
281474976710655.000000	48.455887	1419	0.000000
281474976710655.000000	43.917900	1420	0.000000
281474976710655.000000	48.636024	1421	0.000000
281474976710655.000000	37.878765	1422	0.000000
281474976710655.000000	38.359066	1423	0.000000
281474976710655.000000	44.272285	1424	0.000000
281474976710655.000000	48.397221	1425	0.000000
281474976710655.000000	36.791805	1426	0.000000
281474976710655.000000	40.353359	1427	0.000000
281474976710655.000000	34.873627	1428	0.000000
281474976710655.000000	48.287369	1429	0.000000
281474976710655.000000	42.798885	1430	0.000000
281474976710655.000000	48.856308	1431	0.000000
281474976710655.000000	47.163021	1432	0.000000
281474976710655.000000	54.943233	1433	0.000000
281474976710655.000000	39.346569	1434	0.000000
281474976710655.000000	45.457584	1435	0.000000
281474976710655.000000	37.776566	1436	0.000000
281474976710655.000000	36.570358	1437	0.000000
281474976710655.000000	54.314484	1438	0.000000
281474976710655.000000	48.550556	1439	0.000000
281474976710655.000000	42.780701	1440	0.000000
281474976710655.000000	46.201065	1441	0.000000
281474976710655.000000	56.807442	1442	0.000000
281474976710655.000000	44.682693	1443	0.000000
281474976710655.000000	48.427372	1444	0.000000
281474976710655.000000	46.995651	1445	0.000000
281474976710655.000000	42.022758	1446	0.000000
281474976710655.000000	45.725098	1447	0.000000
281474976710655.000000	42.446918	1448	0.000000
281474976710655.000000	37.392227	1449	0.000000
281474976710655.000000	34.179623	1450	0.000000
281474976710655.000000	46.900570	1451	0.000000
281474976710655.000000	38.771904	1452	0.000000
281474976710655.000000	39.230362	1453	0.000000
281474976710655.000000	39.689686	1454	0.000000
281474976710655.000000	35.458035	1455	0.000000
281474976710655.000000	48.039856	1456	0.000000
281474976710655.000000	65.302933	1457	0.000000
281474976710655.000000	38.328686	1458	0.000000
281474976710655.000000	47.367733	1459	0.000000
281474976710655.000000	34.018600	1460	0.000000
281474976710655.000000	47.137547	1461	0.000000
281474976710655.000000	46.247208	1462	0.000000
281474976710655.000000	40.262459	1463	0.000000
281474976710655.000000	37.752316	1464	0.000000
281474976710655.000000	45.215557	1465	0.000000
281474976710655.000000	40.474983	1466	0.000000
281474976710655.000000	38.623051	1467	0.000000
281474976710655.000000	40.566490	1468	0.000000
281474976710655.000000	39.538925	1469	0.000000
